1244 35.0706313
1289 36.04899708
1334 37.38231512
1379 38.72041317
1424 39.44218545
1469 40.6341183
1514 41.71817335
1559 42.75723258
1604 43.6951681
1649 44.26974515
1694 45.0026477
1739 45.63236926
1784 46.42772175
1829 47.26614916
1874 47.90835292
1919 48.32602809
1964 49.38333828
2009 49.81843357
2054 50.46138271
2099 51.16037128
2144 51.53786601
2189 51.97029097
2234 52.52208556
2279 53.219873
2324 53.66744933
2369 54.20498814
2414 54.70013315
2459 54.6450277
2504 54.93242474
2549 55.54171884
2594 55.91844377
2639 56.30863227
2684 56.58814027
2729 56.70013566
2774 56.92446297
2819 57.31814289
2864 57.54375409
2909 57.82645503
2954 58.0112523
2999 58.12487578
3044 58.5081813
3089 58.56520587
3134 58.58069179
3179 58.92398583
3224 59.1373454
3269 59.48233741
3314 59.61444716
3359 59.61444716
3404 59.8457985
3449 60.23446984
3494 60.46723347
3539 60.36863667
3584 60.48526765
3629 60.71902898
3674 60.77757476
3719 61.05204495
3764 60.81761317
3809 61.12975409
3854 61.12975409
3899 61.50356039
3944 61.40500021
3989 61.58208109
4034 61.52300875
4079 61.52300875
4124 61.75957346
4169 61.87813384
4214 61.75957346
4259 62.11582136
4304 61.93748447
4349 62.11582136
4394 62.5935248
4439 62.65346146
